3300.012	0.541
3302.012	0.540
3304.012	0.540
3306.012	0.540
3308.012	0.541
3310.012	0.539
3312.012	0.539
3314.012	0.542
3316.012	0.544
3318.012	0.544
3320.012	0.546
3322.012	0.544
3324.012	0.547
3326.012	0.546
3328.012	0.544
3330.012	0.545
3332.012	0.543
3334.012	0.543
3336.012	0.539
3338.012	0.536
3340.012	0.534
3342.012	0.531
3344.012	0.529
3346.012	0.524
3348.012	0.523
3350.012	0.522
3352.012	0.518
3354.012	0.515
3356.012	0.516
3358.012	0.513
3360.012	0.514
3362.012	0.515
3364.012	0.513
3366.012	0.512
3368.012	0.514
3370.012	0.515
3372.012	0.514
3374.012	0.515
3376.012	0.514
3378.012	0.514
3380.012	0.515
3382.012	0.512
3384.012	0.515
3386.012	0.518
3388.012	0.516
3390.012	0.519
3392.012	0.520
3394.012	0.519
3396.012	0.525
3398.012	0.526
3400.012	0.538
3402.012	0.541
3404.012	0.550
3406.012	0.556
3408.012	0.562
3410.012	0.568
3412.012	0.580
3414.012	0.583
3416.012	0.592
3418.012	0.594
3420.012	0.598
3422.012	0.606
3424.012	0.606
3426.012	0.602
3428.012	0.606
3430.012	0.604
3432.012	0.607
3434.012	0.607
3436.012	0.608
3438.012	0.607
3440.012	0.607
3442.012	0.601
3444.012	0.600
3446.012	0.598
3448.012	0.602
3450.012	0.601
3452.012	0.601
3454.012	0.602
3456.012	0.604
3458.012	0.606
3460.012	0.606
3462.012	0.606
3464.012	0.607
3466.012	0.608
3468.012	0.611
3470.012	0.609
3472.012	0.613
3474.012	0.607
3476.012	0.600
3478.012	0.597
3480.012	0.592
3482.012	0.583
3484.012	0.577
3486.012	0.568
3488.012	0.564
3490.012	0.556
3492.012	0.548
3494.012	0.543
3496.012	0.543
3498.012	0.535
3500.012	0.538
3502.012	0.537
3504.012	0.537
3506.012	0.536
3508.012	0.536
3510.012	0.535
3512.012	0.537
3514.012	0.536
3516.012	0.535
3518.012	0.533
3520.012	0.530
3522.012	0.534
3524.012	0.533
3526.012	0.536
3528.012	0.536
3530.012	0.540
3532.012	0.544
3534.012	0.548
3536.012	0.551
3538.012	0.556
3540.012	0.563
3542.012	0.571
3544.012	0.572
3546.012	0.578
3548.012	0.584
3550.012	0.587
3552.012	0.589
3554.012	0.593
3556.012	0.596
3558.012	0.598
3560.012	0.596
3562.012	0.596
3564.012	0.595
3566.012	0.594
3568.012	0.587
3570.012	0.584
3572.012	0.577
3574.012	0.572
3576.012	0.567
3578.012	0.563
3580.012	0.561
3582.012	0.551
3584.012	0.549
3586.012	0.547
3588.012	0.543
3590.012	0.542
3592.012	0.540
3594.012	0.542
3596.012	0.552
3598.012	0.553
3600.012	0.562
3602.012	0.566
3604.012	0.572
3606.012	0.578
3608.012	0.581
3610.012	0.586
3612.012	0.592
3614.012	0.595
3616.012	0.596
3618.012	0.595
3620.012	0.590
3622.012	0.583
3624.012	0.574
3626.012	0.567
3628.012	0.557
3630.012	0.553
3632.012	0.545
3634.012	0.537
3636.012	0.534
3638.012	0.527
3640.012	0.525
3642.012	0.514
3644.012	0.513
3646.012	0.517
3648.012	0.520
3650.012	0.519
3652.012	0.523
3654.012	0.527
3656.012	0.527
3658.012	0.534
3660.012	0.535
3662.012	0.536
3664.012	0.540
3666.012	0.541
3668.012	0.542
3670.012	0.544
3672.012	0.546
3674.012	0.546
3676.012	0.545
3678.012	0.547
3680.012	0.551
3682.012	0.548
3684.012	0.550
3686.012	0.549
3688.012	0.552
3690.012	0.553
3692.012	0.553
3694.012	0.554
3696.012	0.549
3698.012	0.547
3700.012	0.544
3702.012	0.540
3704.012	0.538
3706.012	0.535
3708.012	0.530
3710.012	0.527
3712.012	0.528
3714.012	0.531
3716.012	0.530
3718.012	0.538
3720.012	0.546
3722.012	0.555
3724.012	0.570
3726.012	0.579
3728.012	0.590
3730.012	0.601
3732.012	0.614
3734.012	0.624
3736.012	0.630
3738.012	0.634
3740.012	0.638
3742.012	0.638
3744.012	0.636
3746.012	0.632
3748.012	0.626
3750.012	0.619
3752.012	0.611
3754.012	0.606
3756.012	0.595
3758.012	0.584
3760.012	0.572
3762.012	0.565
3764.012	0.559
3766.012	0.551
3768.012	0.546
3770.012	0.543
3772.012	0.543
3774.012	0.542
3776.012	0.539
3778.012	0.541
3780.012	0.543
3782.012	0.542
3784.012	0.542
3786.012	0.546
3788.012	0.544
3790.012	0.545
3792.012	0.549
3794.012	0.549
3796.012	0.548
3798.012	0.544
3800.012	0.549
3802.012	0.547
3804.012	0.550
3806.012	0.553
3808.012	0.558
3810.012	0.558
3812.012	0.560
3814.012	0.559
3816.012	0.562
3818.012	0.565
3820.012	0.569
3822.012	0.571
3824.012	0.573
3826.012	0.572
3828.012	0.572
3830.012	0.577
3832.012	0.579
3834.012	0.580
3836.012	0.582
3838.012	0.581
3840.012	0.581
3842.012	0.582
3844.012	0.581
3846.012	0.581
3848.012	0.577
3850.012	0.574
3852.012	0.572
3854.012	0.567
3856.012	0.563
3858.012	0.557
3860.012	0.552
3862.012	0.545
3864.012	0.540
3866.012	0.539
3868.012	0.533
3870.012	0.532
3872.012	0.531
3874.012	0.527
3876.012	0.525
3878.012	0.524
3880.012	0.522
3882.012	0.521
3884.012	0.519
3886.012	0.518
3888.012	0.518
3890.012	0.514
3892.012	0.515
3894.012	0.513
3896.012	0.512
3898.012	0.513
3900.012	0.513
3902.012	0.511
3904.012	0.513
3906.012	0.513
3908.012	0.515
3910.012	0.514
3912.012	0.512
3914.012	0.514
3916.012	0.515
3918.012	0.516
3920.012	0.514
3922.012	0.513
3924.012	0.515
3926.012	0.515
3928.012	0.515
3930.012	0.516
3932.012	0.515
3934.012	0.516
3936.012	0.514
3938.012	0.515
3940.012	0.514
3942.012	0.517
3944.012	0.514
3946.012	0.519
3948.012	0.518
3950.012	0.518
3952.012	0.518
3954.012	0.520
3956.012	0.521
3958.012	0.518
3960.012	0.519
3962.012	0.522
3964.012	0.520
3966.012	0.525
3968.012	0.523
3970.012	0.525
3972.012	0.525
3974.012	0.526
3976.012	0.522
3978.012	0.523
3980.012	0.526
3982.012	0.522
3984.012	0.526
3986.012	0.526
3988.012	0.525
3990.012	0.525
3992.012	0.528
3994.012	0.530
3996.012	0.530
3998.012	0.529
4000.012	0.530
4002.012	0.534
4004.012	0.534
4006.012	0.534
4008.012	0.537
4010.012	0.536
4012.012	0.539
4014.012	0.539
4016.012	0.539
4018.012	0.541
4020.012	0.538
4022.012	0.541
4024.012	0.536
4026.012	0.539
4028.012	0.544
4030.012	0.543
4032.012	0.547
4034.012	0.551
4036.012	0.563
4038.012	0.572
4040.012	0.588
4042.012	0.598
4044.012	0.619
4046.012	0.628
4048.012	0.632
4050.012	0.645
4052.012	0.647
4054.012	0.653
4056.012	0.649
4058.012	0.640
4060.012	0.636
4062.012	0.634
4064.012	0.629
4066.012	0.626
4068.012	0.628
4070.012	0.633
4072.012	0.637
4074.012	0.643
4076.012	0.670
4078.012	0.683
4080.012	0.693
4082.012	0.702
4084.012	0.713
4086.012	0.716
4088.012	0.721
4090.012	0.717
4092.012	0.710
4094.012	0.705
4096.012	0.696
4098.012	0.673
4100.012	0.659
4102.012	0.645
4104.012	0.621
4106.012	0.611
4108.012	0.592
4110.012	0.582
4112.012	0.571
4114.012	0.561
4116.012	0.555
4118.012	0.550
4120.012	0.542
4122.012	0.539
4124.012	0.533
4126.012	0.533
4128.012	0.529
4130.012	0.525
4132.012	0.520
4134.012	0.522
4136.012	0.519
4138.012	0.519
4140.012	0.516
4142.012	0.514
4144.012	0.517
4146.012	0.517
4148.012	0.515
4150.012	0.516
4152.012	0.518
4154.012	0.516
4156.012	0.519
4158.012	0.522
4160.012	0.523
4162.012	0.525
4164.012	0.524
4166.012	0.524
4168.012	0.527
4170.012	0.523
4172.012	0.522
4174.012	0.522
4176.012	0.524
4178.012	0.522
4180.012	0.522
4182.012	0.519
4184.012	0.518
4186.012	0.516
4188.012	0.515
4190.012	0.517
4192.012	0.512
4194.012	0.518
4196.012	0.517
4198.012	0.520
4200.012	0.519
4202.012	0.521
4204.012	0.521
4206.012	0.524
4208.012	0.525
4210.012	0.525
4212.012	0.526
4214.012	0.523
4216.012	0.526
4218.012	0.524
4220.012	0.523
4222.012	0.520
4224.012	0.521
4226.012	0.519
4228.012	0.515
4230.012	0.517
4232.012	0.514
4234.012	0.514
4236.012	0.514
4238.012	0.516
4240.012	0.513
4242.012	0.515
4244.012	0.515
4246.012	0.514
4248.012	0.515
4250.012	0.514
4252.012	0.516
4254.012	0.515
4256.012	0.514
4258.012	0.513
4260.012	0.513
4262.012	0.515
4264.012	0.518
4266.012	0.514
4268.012	0.515
4270.012	0.516
4272.012	0.515
4274.012	0.516
4276.012	0.516
4278.012	0.514
4280.012	0.514
4282.012	0.515
4284.012	0.516
4286.012	0.516
4288.012	0.516
4290.012	0.514
4292.012	0.515
4294.012	0.514
4296.012	0.514
4298.012	0.512
4300.012	0.513
4302.012	0.510
4304.012	0.511
4306.012	0.512
4308.012	0.510
4310.012	0.512
4312.012	0.511
4314.012	0.511
4316.012	0.513
4318.012	0.512
4320.012	0.515
4322.012	0.512
4324.012	0.511
4326.012	0.513
4328.012	0.516
4330.012	0.513
4332.012	0.511
4334.012	0.512
4336.012	0.515
4338.012	0.514
4340.012	0.515
4342.012	0.514
4344.012	0.514
4346.012	0.515
4348.012	0.517
4350.012	0.520
4352.012	0.518
4354.012	0.518
4356.012	0.520
4358.012	0.521
4360.012	0.522
4362.012	0.526
4364.012	0.527
4366.012	0.529
4368.012	0.533
4370.012	0.536
4372.012	0.542
4374.012	0.546
4376.012	0.548
4378.012	0.560
4380.012	0.567
4382.012	0.576
4384.012	0.589
4386.012	0.599
4388.012	0.614
4390.012	0.623
4392.012	0.634
4394.012	0.639
4396.012	0.643
4398.012	0.649
4400.012	0.647
4402.012	0.646
4404.012	0.637
4406.012	0.626
4408.012	0.611
4410.012	0.604
4412.012	0.592
4414.012	0.577
4416.012	0.569
4418.012	0.556
4420.012	0.550
4422.012	0.544
4424.012	0.533
4426.012	0.530
4428.012	0.525
4430.012	0.522
4432.012	0.519
4434.012	0.518
4436.012	0.515
4438.012	0.516
4440.012	0.516
4442.012	0.516
4444.012	0.514
4446.012	0.513
4448.012	0.514
4450.012	0.510
4452.012	0.513
4454.012	0.515
4456.012	0.514
4458.012	0.515
4460.012	0.514
4462.012	0.514
4464.012	0.512
4466.012	0.518
4468.012	0.517
4470.012	0.515
4472.012	0.518
4474.012	0.519
4476.012	0.517
4478.012	0.520
4480.012	0.521
4482.012	0.521
4484.012	0.525
4486.012	0.527
4488.012	0.525
4490.012	0.528
4492.012	0.527
4494.012	0.532
4496.012	0.529
4498.012	0.529
4500.012	0.531
4502.012	0.532
4504.012	0.533
4506.012	0.536
4508.012	0.540
4510.012	0.549
4512.012	0.550
4514.012	0.552
4516.012	0.556
4518.012	0.561
4520.012	0.562
4522.012	0.565
4524.012	0.564
4526.012	0.565
4528.012	0.564
4530.012	0.563
4532.012	0.563
4534.012	0.565
4536.012	0.566
4538.012	0.568
4540.012	0.572
4542.012	0.574
4544.012	0.579
4546.012	0.584
4548.012	0.587
4550.012	0.586
4552.012	0.585
4554.012	0.581
4556.012	0.577
4558.012	0.571
4560.012	0.564
4562.012	0.562
4564.012	0.552
4566.012	0.549
4568.012	0.546
4570.012	0.539
4572.012	0.538
4574.012	0.532
4576.012	0.533
4578.012	0.532
4580.012	0.531
4582.012	0.531
4584.012	0.530
4586.012	0.527
4588.012	0.531
4590.012	0.530
4592.012	0.527
4594.012	0.528
4596.012	0.527
4598.012	0.530
4600.012	0.532
4602.012	0.540
4604.012	0.538
4606.012	0.543
4608.012	0.549
4610.012	0.553
4612.012	0.568
4614.012	0.587
4616.012	0.602
4618.012	0.634
4620.012	0.656
4622.012	0.681
4624.012	0.711
4626.012	0.730
4628.012	0.754
4630.012	0.770
4632.012	0.787
4634.012	0.788
4636.012	0.780
4638.012	0.767
4640.012	0.746
4642.012	0.724
4644.012	0.705
4646.012	0.673
4648.012	0.652
4650.012	0.623
4652.012	0.608
4654.012	0.596
4656.012	0.579
4658.012	0.569
4660.012	0.552
4662.012	0.543
4664.012	0.540
4666.012	0.531
4668.012	0.527
4670.012	0.526
4672.012	0.521
4674.012	0.516
4676.012	0.519
4678.012	0.513
4680.012	0.513
4682.012	0.512
4684.012	0.514
4686.012	0.512
4688.012	0.513
4690.012	0.512
4692.012	0.513
4694.012	0.511
4696.012	0.511
4698.012	0.515
4700.012	0.515
4702.012	0.517
4704.012	0.520
4706.012	0.522
4708.012	0.525
4710.012	0.531
4712.012	0.532
4714.012	0.536
4716.012	0.536
4718.012	0.541
4720.012	0.538
4722.012	0.540
4724.012	0.539
4726.012	0.538
4728.012	0.538
4730.012	0.536
4732.012	0.537
4734.012	0.542
4736.012	0.550
4738.012	0.555
4740.012	0.562
4742.012	0.576
4744.012	0.582
4746.012	0.598
4748.012	0.613
4750.012	0.629
4752.012	0.651
4754.012	0.661
4756.012	0.668
4758.012	0.672
4760.012	0.682
4762.012	0.692
4764.012	0.694
4766.012	0.693
4768.012	0.689
4770.012	0.685
4772.012	0.679
4774.012	0.676
4776.012	0.671
4778.012	0.661
4780.012	0.648
4782.012	0.637
4784.012	0.619
4786.012	0.609
4788.012	0.600
4790.012	0.579
4792.012	0.568
4794.012	0.556
4796.012	0.549
4798.012	0.543
4800.012	0.538
4802.012	0.535
4804.012	0.532
4806.012	0.529
4808.012	0.529
4810.012	0.526
4812.012	0.529
4814.012	0.523
4816.012	0.524
4818.012	0.523
4820.012	0.521
4822.012	0.520
4824.012	0.518
4826.012	0.517
4828.012	0.518
4830.012	0.516
4832.012	0.516
4834.012	0.518
4836.012	0.518
4838.012	0.520
4840.012	0.522
4842.012	0.523
4844.012	0.525
4846.012	0.528
4848.012	0.529
4850.012	0.532
4852.012	0.534
4854.012	0.535
4856.012	0.536
4858.012	0.534
4860.012	0.531
4862.012	0.530
4864.012	0.526
4866.012	0.525
4868.012	0.522
4870.012	0.519
4872.012	0.517
4874.012	0.516
4876.012	0.517
4878.012	0.516
4880.012	0.515
4882.012	0.514
4884.012	0.517
4886.012	0.515
4888.012	0.515
4890.012	0.517
4892.012	0.518
4894.012	0.519
4896.012	0.517
4898.012	0.518
4900.012	0.521
4902.012	0.520
4904.012	0.520
4906.012	0.522
4908.012	0.521
4910.012	0.519
4912.012	0.519
4914.012	0.520
4916.012	0.519
4918.012	0.520
4920.012	0.522
4922.012	0.521
4924.012	0.525
4926.012	0.526
4928.012	0.528
4930.012	0.530
4932.012	0.534
4934.012	0.537
4936.012	0.541
4938.012	0.544
4940.012	0.543
4942.012	0.541
4944.012	0.540
4946.012	0.543
4948.012	0.543
4950.012	0.540
4952.012	0.536
4954.012	0.540
4956.012	0.541
4958.012	0.538
4960.012	0.539
4962.012	0.539
4964.012	0.537
4966.012	0.539
4968.012	0.542
4970.012	0.540
4972.012	0.541
4974.012	0.542
4976.012	0.541
4978.012	0.542
4980.012	0.542
4982.012	0.546
4984.012	0.544
4986.012	0.544
4988.012	0.540
4990.012	0.542
4992.012	0.542
4994.012	0.544
4996.012	0.543
4998.012	0.544
5000.012	0.544
5002.012	0.542
5004.012	0.541
5006.012	0.544
5008.012	0.543
5010.012	0.541
5012.012	0.542
5014.012	0.540
5016.012	0.539
5018.012	0.536
5020.012	0.536
5022.012	0.533
5024.012	0.531
5026.012	0.527
5028.012	0.529
5030.012	0.526
5032.012	0.522
5034.012	0.523
5036.012	0.520
5038.012	0.519
5040.012	0.516
5042.012	0.516
5044.012	0.517
5046.012	0.513
5048.012	0.514
5050.012	0.514
5052.012	0.513
5054.012	0.515
5056.012	0.516
5058.012	0.516
5060.012	0.520
5062.012	0.532
5064.012	0.542
5066.012	0.551
5068.012	0.571
5070.012	0.586
5072.012	0.601
5074.012	0.627
5076.012	0.648
5078.012	0.677
5080.012	0.689
5082.012	0.699
5084.012	0.718
5086.012	0.728
5088.012	0.732
5090.012	0.735
5092.012	0.739
5094.012	0.743
5096.012	0.746
5098.012	0.750
5100.012	0.754
5102.012	0.751
5104.012	0.752
5106.012	0.749
5108.012	0.745
5110.012	0.739
5112.012	0.732
5114.012	0.717
5116.012	0.705
5118.012	0.700
5120.012	0.693
5122.012	0.678
5124.012	0.672
5126.012	0.667
5128.012	0.662
5130.012	0.658
5132.012	0.659
5134.012	0.657
5136.012	0.652
5138.012	0.638
5140.012	0.629
5142.012	0.623
5144.012	0.613
5146.012	0.609
5148.012	0.603
5150.012	0.601
5152.012	0.600
5154.012	0.599
5156.012	0.599
5158.012	0.603
5160.012	0.605
5162.012	0.602
5164.012	0.597
5166.012	0.590
5168.012	0.589
5170.012	0.579
5172.012	0.572
5174.012	0.560
5176.012	0.556
5178.012	0.547
5180.012	0.539
5182.012	0.536
5184.012	0.532
5186.012	0.527
5188.012	0.521
5190.012	0.520
5192.012	0.520
5194.012	0.518
5196.012	0.523
5198.012	0.523
5200.012	0.523
5202.012	0.528
5204.012	0.528
5206.012	0.534
5208.012	0.539
5210.012	0.541
5212.012	0.545
5214.012	0.544
5216.012	0.546
5218.012	0.544
5220.012	0.544
5222.012	0.543
5224.012	0.535
5226.012	0.536
5228.012	0.530
5230.012	0.530
5232.012	0.532
5234.012	0.533
5236.012	0.532
5238.012	0.534
5240.012	0.537
5242.012	0.540
5244.012	0.543
5246.012	0.543
5248.012	0.542
5250.012	0.539
5252.012	0.542
5254.012	0.544
5256.012	0.544
5258.012	0.549
5260.012	0.556
5262.012	0.559
5264.012	0.565
5266.012	0.570
5268.012	0.577
5270.012	0.581
5272.012	0.592
5274.012	0.595
5276.012	0.600
5278.012	0.601
5280.012	0.605
5282.012	0.610
5284.012	0.613
5286.012	0.611
5288.012	0.617
5290.012	0.620
5292.012	0.626
5294.012	0.627
5296.012	0.630
5298.012	0.628
5300.012	0.628
5302.012	0.632
5304.012	0.631
5306.012	0.631
5308.012	0.633
5310.012	0.627
5312.012	0.623
5314.012	0.611
5316.012	0.602
5318.012	0.596
5320.012	0.580
5322.012	0.569
5324.012	0.564
5326.012	0.549
5328.012	0.542
5330.012	0.539
5332.012	0.531
5334.012	0.528
5336.012	0.520
5338.012	0.520
5340.012	0.518
5342.012	0.516
5344.012	0.517
5346.012	0.515
5348.012	0.515
5350.012	0.515
5352.012	0.517
5354.012	0.516
5356.012	0.516
5358.012	0.515
5360.012	0.515
5362.012	0.514
5364.012	0.512
5366.012	0.516
5368.012	0.513
5370.012	0.513
5372.012	0.515
5374.012	0.515
5376.012	0.516
5378.012	0.515
5380.012	0.519
5382.012	0.517
5384.012	0.518
5386.012	0.520
5388.012	0.519
5390.012	0.519
5392.012	0.520
5394.012	0.520
5396.012	0.518
5398.012	0.517
5400.012	0.519
5402.012	0.516
5404.012	0.517
5406.012	0.513
5408.012	0.516
5410.012	0.516
5412.012	0.517
5414.012	0.521
5416.012	0.522
5418.012	0.528
5420.012	0.532
5422.012	0.539
5424.012	0.547
5426.012	0.554
5428.012	0.564
5430.012	0.565
5432.012	0.569
5434.012	0.571
5436.012	0.573
5438.012	0.571
5440.012	0.568
5442.012	0.566
5444.012	0.559
5446.012	0.554
5448.012	0.547
5450.012	0.542
5452.012	0.536
5454.012	0.529
5456.012	0.523
5458.012	0.522
5460.012	0.519
